100 200 217
200 100 217
100 200 300
200 100 300
100 200 400
200 100 400
100 217 200
217 100 200
100 217 300
217 100 300
100 217 400
217 100 400
100 300 200
300 100 200
100 300 217
300 100 217
100 300 400
300 100 400
100 400 200
400 100 200
100 400 217
400 100 217
100 400 300
400 100 300
200 117 100
117 200 100
200 117 300
117 200 300
200 117 400
117 200 400
200 100 117
100 200 117
200 100 300
100 200 300
200 100 400
100 200 400
200 300 117
300 200 117
200 300 100
300 200 100
200 300 400
300 200 400
200 400 117
400 200 117
200 400 100
400 200 100
200 400 300
400 200 300
300 200 100
200 300 100
300 200 400
200 300 400
300 200 317
200 300 317
300 100 200
100 300 200
300 100 400
100 300 400
300 100 317
100 300 317
300 400 200
400 300 200
300 400 100
400 300 100
300 400 317
400 300 317
300 317 200
317 300 200
300 317 100
317 300 100
300 317 400
317 300 400
400 300 200
300 400 200
400 300 417
300 400 417
400 300 100
300 400 100
400 200 300
200 400 300
400 200 417
200 400 417
400 200 100
200 400 100
400 417 300
417 400 300
400 417 200
417 400 200
400 417 100
417 400 100
400 100 300
100 400 300
400 100 200
100 400 200
400 100 417
100 400 417
